27 Sept. 2023  5.89
28 Sept. 2023   5.9
29 Sept. 2023   5.95
2 Oct. 2023   5.95
3 Oct. 2023   5.86
4 Oct. 2023   5.83
5 Oct. 2023   5.92
6 Oct. 2023   6.05
9 Oct. 2023   5.8
11 Oct. 2023   5.88
12 Oct. 2023   6.09
13 Oct. 2023   5.94
16 Oct. 2023   5.78
17 Oct. 2023   5.78
18 Oct. 2023   5.69
19 Oct. 2023   5.64
20 Oct. 2023   5.86
23 Oct. 2023   5.86
24 Oct. 2023   5.95
25 Oct. 2023   5.57
26 Oct. 2023   5.5
27 Oct. 2023   5.95
30 Oct. 2023   5.5
31 Oct. 2023   5.89
1 Nov. 2023   5.87
2 Nov. 2023   5.5
3 Nov. 2023   6.05
6 Nov. 2023   5.69
7 Nov. 2023   5.4
8 Nov. 2023   5.9
9 Nov. 2023   5.3
10 Nov. 2023   5.99
13 Nov. 2023   6.05
14 Nov. 2023   6
16 Nov. 2023   6
17 Nov. 2023   6
20 Nov. 2023   6
21 Nov. 2023   5.93
22 Nov. 2023   5.96
23 Nov. 2023   6
24 Nov. 2023   6
27 Nov. 2023   6
28 Nov. 2023   6
29 Nov. 2023   6
4 Dec. 2023   6.02
5 Dec. 2023   6
6 Dec. 2023   6
7 Dec. 2023   5.97
8 Dec. 2023   6
11 Dec. 2023   6
12 Dec. 2023   6
13 Dec. 2023   6.05
14 Dec. 2023   6.04
15 Dec. 2023   6.02
18 Dec. 2023   6
19 Dec. 2023   5.96
20 Dec. 2023   5.95
21 Dec. 2023   5.98
22 Dec. 2023   6
27 Dec. 2023   5.99
28 Dec. 2023   5.99
